75.017269
1025.869242
1092.964971
2051.312595
2326.79339
3116.271817
4668.019022
4746.819082
6940.518712
7564.211897
8276.639215
8655.446124
9759.686688
11850.229976
15322.953374
15838.896011
16424.891306
19014.206883
21090.982133
22049.373872
22082.87501
22849.986493
23810.01113
25343.361778
25849.312338
26164.436241
26449.383163
26992.187271
32712.390805
32988.84558
33581.569224
34330.86097
35783.363956
36508.189542
36961.012482
36983.915047
38008.945859
39286.63211
39324.439753
40579.011776
42064.411079
42855.084181
42954.675029
43368.349182
45401.833817
45439.930109
46488.587226
46963.133676
48098.451227
48257.117991
48729.295451
50560.777086
52841.690044
54483.14638
54932.276236
55530.633669
56131.241425
56331.958104
56449.816779
57101.340553
57554.231615
58492.700008
61752.925602
63790.140319
64645.831361
64697.908783
64847.460329
65002.213469
66699.203371
66950.181742
67449.273854
68379.119328
69415.640375
69871.723168
70786.29592
71939.610385
72769.659363
72966.646559
73083.377696
73246.178505
73288.609701
73914.341792
75768.711047
76476.847585
77488.697208
77636.830789
78284.187312
78307.309027
79650.728093
81652.988593
84323.579523
84787.463532
85517.303125
85990.072646
86518.837916
88616.347122
88893.175449
89154.885057
89923.541828
95035.271407
96175.015693
97074.961566
97752.407472
99067.976453
101675.067496
102337.656404
104699.982661
110390.861835
111006.040186
111079.72453
111295.008336
113123.29998
114145.416812
115149.389762
120893.61858
121177.113105
121256.119719
121614.96381
122112.613345
122819.215777
123245.726861
125064.049089
125222.979031
126580.89433
126589.291808
128400.611371
129210.983028
129609.432211
130394.986647
132418.663493
133018.678853
133419.356086
133744.220602
133904.774057
136833.912855
138126.798869
138447.93256
139472.109797
139483.748083
140691.295033
141753.352502
142501.777948
142828.924759
143250.57573
143494.122727
144025.865194
144679.65448
145327.84279
148484.038832
150068.415013
150963.157575
152833.027531
153743.628837
153804.070983
153854.441003
155590.105953
162535.985397
163538.142685
163691.049657
164176.97104
165637.355303
167156.314952
167501.345278
168154.175635
168645.655
168665.720347
169683.656788
171168.354421
172194.693892
172308.735218
175203.714687
177766.403271
178219.993511
179231.821997
179334.789522
179700.149766
180087.861719
184231.582983
184701.984037
185498.767006
185788.05769
186250.297136
186498.527134
186548.151446
190709.747959
191141.350174
191182.898405
192608.757846
193295.281425
193906.169424
196861.917168
197137.07902
198311.848998
198326.399435
198572.799028
198782.159041
199003.425537
199123.66286
204286.754191
204781.21192
206308.33186
207304.087609
207305.046498
207608.194027
208404.951246
209671.702053
209894.17731
210045.545711
210505.514066
213019.843162
215058.485751
217429.202583
218510.239332
218510.717533
220900.148473
221618.350614
222538.480495
222777.287032
223422.72332
223968.826139
224694.480442
224902.417507
225428.996365
225657.281277
228792.841192
229514.716269
231343.904623
232480.028032
234233.24781
236031.43199
236995.542956
237078.68041
237527.409961
241102.10046
242322.184802
244971.228588
245352.651356
246944.109281
247114.456892
247542.880167
248226.191187
249346.769166
249382.981782
252906.523768
253287.442982
253845.680905
254100.91562
254486.139729
255348.691658
255576.856944
255821.810012
256727.446215
257012.905698
257333.85426
258087.776154
258150.666984
260256.429286
261166.28158
261201.337376
261262.246197
261755.288833
264293.481462
266970.309452
270037.1135
271178.144975
272015.439594
272754.974665
273428.594211
273551.051201
274284.977945
274352.336024
277372.198775
278273.904992
278869.691815
280485.630257
282999.349414
284897.344436
285312.999312
285576.016672
287921.997301
288566.19729
289312.264528
289673.662306
289989.858826
290897.611266
292628.539451
293669.070795
295400.854062
296397.042142
296683.865159
299169.529137
299350.427134
300461.316945
300973.289477
301019.811425
303384.201122
304453.852913
304687.241062
305219.911005
305684.978594
306828.105767
307227.818137
307590.519469
315187.170112
315714.993361
316522.217827
316786.41074
320195.339971
320836.556728
321136.810318
321989.002869
322144.990348
325157.04905
325315.068224
325360.039731
326371.343081
327147.388817
329788.91861
330574.954355
331935.221986
331968.650605
333342.552187
335421.631217
339515.84877
339586.673952
340281.84994
342186.683726
342694.77295
343008.823872
343382.972837
344498.64026
345119.405732
345830.584639
347900.446415
348420.816038
349608.518114
351384.386675
351692.420261
354133.817818
354259.613655
356536.993468
357947.99184
358559.035734
358594.24484
358883.467325
359253.312573
359425.602952
360153.719847
360480.966134
361523.577176
366163.316662
366293.19705
366748.503643
366993.111326
367309.497512
368873.141311
369346.682224
370669.030603
371988.301582
373886.817954
375704.841996
377139.383844
377705.774102
377957.813794
379419.577055
379982.562019
382394.473165
382637.667797
382889.308128
385400.230937
385599.980824
386576.447939
387357.412009
387665.495819
388485.203914
388548.265926
390289.073846
390366.577261
390677.495594
390767.548861
391963.983528
393654.637849
394446.268949
396287.400446
396979.998734
398706.724647
398771.25364
400268.485446
400567.259044
405578.65216
406546.011171
406667.566006
406710.956308
407626.404252
407861.816673
408587.653943
408836.402165
408884.876757
408943.389553
409268.265402
410315.792121
410386.314054
411389.577797
412559.280483
413053.423564
413240.084622
414151.611968
414444.810202
416253.611222
419385.363002
420385.645964
421097.293828
422394.201772
423889.150055
424334.518743
426037.236085
426105.475993
426650.825683
427714.223976
428570.86702
428588.377474
430568.625953
432281.100602
434544.00308
435078.819354
436390.937036
436772.785185
437793.859133
437798.884851
439902.787323
440804.408004
441507.185728
441718.593049
441874.308005
442103.937611
442232.586679
444241.466103
445756.426641
446633.864832
447589.482645
447704.661914
448670.684209
449487.834219
450377.423607
451120.154632
451787.164695
452036.480931
454102.633198
457417.144933
457580.875459
457966.696307
458183.275334
458274.961496
458409.488939
458492.360218
458543.554447
459525.167119
460184.498167
460850.213591
461304.071068
461529.767155
461997.158768
462515.299004
466064.365079
466281.1567
466504.791097
467225.179059
468150.220291
469656.006858
472653.84905
474794.835165
474844.727871
475810.136073
476933.241875
477971.516321
481271.055096
482600.725907
482649.729014
482979.072534
484130.957196
484699.993111
484716.476912
484842.285177
485361.214657
488243.557673
488517.411656
488598.7876
489112.766
489484.26028
490155.250453
491588.130818
491855.365095
492973.176656
496530.632315
496674.146843
497518.825751
499428.889146
500666.110656
501057.267056
502012.404189
505775.965833
505943.829075
507296.08386
507485.342944
507786.476755
507984.290826
508095.542256
509031.016339
509354.232307
509766.942861
510315.911698
511059.422865
513677.486877
514812.237024
515009.899295
515131.71011
516813.105737
517775.698449
518502.01453
520661.714088
520821.452018
521237.715491
521753.123265
521808.01608
522131.81662
522841.937915
523315.515499
523995.918928
524042.40414
524186.415568
528780.162519
530013.635771
530908.924002
531378.291227
532272.087264
532344.747933
532558.299502
533168.687462
534348.609813
534557.443475
535601.949627
536640.360319
536911.80429
537803.649976
538724.051238
541497.791788
543000.027594
544950.534927
545078.140375
545541.589136
547339.766762
547830.653962
549612.577563
549970.885697
550903.000852
552039.5284
552519.57043
552732.711841
553367.13447
553724.17595
556224.426428
556392.580343
557094.271262
557282.260847
558769.113638
559130.145167
560425.774264
560907.097674
561746.83533
562029.774161
562857.783493
563984.579468
565580.845902
566576.214641
567330.895107
568284.026101
568296.814351
568818.632949
569350.639338
569601.337754
570063.783471
572789.561679
573753.372921
574059.05546
574081.645871
575415.331067
576485.447514
576988.068961
577177.584269
577372.564068
577974.236135
579075.3617
579725.365184
580774.579022
584366.122571
584686.378008
587961.25554
590380.525747
591457.718375
591471.579737
592792.639456
593224.769488
593588.108371
594169.256339
594181.890982
594466.495013
596816.843904
597045.717425
597118.417904
598421.879421
598974.91669
600100.695166
601061.720971
601592.653674
602180.001187
603374.819575
603475.43077
603733.575799
605089.512596
605702.655665
606937.612994
607526.192672
609274.608383
609566.3478
609691.950681
610944.4206
611685.871658
611729.535935
612593.210148
613384.802442
617498.775511
617698.769756
620458.906691
621667.805339
621965.485834
622879.046684
626081.157116
626770.352364
628390.673618
629109.936875
630299.666838
632737.395999
633202.705644
633220.765216
634133.995074
634295.955189
637280.856209
637562.728089
640080.332641
640681.518542
641003.11727
644044.719129
646775.620291
648087.873383
650410.611707
652586.082398
652635.416278
653091.994574
654980.442868
654999.467399
655094.896511
655726.992516
656479.808207
658089.549104
658515.288022
659010.97135
660210.579777
660590.921707
660764.752766
661769.972254
663988.433018
669374.074562
672714.848948
672726.755244
672847.239607
673345.213247
673468.912204
674284.154105
674861.256019
677432.222273
678520.036897
679500.024392
682409.436733
683887.265785
685735.733814
687458.464821
690513.164194
691123.469476
692170.50715
692573.123704
692924.050835
696084.964981
696127.425765
698458.576213
699054.440441
699288.091794
700277.396095
700830.755815
702565.001438
704042.305644
706901.046014
707347.36844
707773.90468
709046.756284
709051.296044
710411.67944
710720.496456
711428.419242
711521.936688
712065.350097
713257.774647
713784.385221
713927.892712
717498.749988
717653.931191
718765.746035
720613.986751
721726.886044
721900.838719
721982.058373
722011.491728
722574.009444
724510.312314
725755.473729
725803.011921
726683.38635
727846.29978
727910.758049
727966.981571
729417.783569
729471.321473
730179.456491
730255.541878
733804.028834
734499.315037
734597.016154
735276.222899
738143.962289
738809.185765
739269.326617
739523.72144
741649.122961
742832.525877
744530.012685
745782.745939
748250.071972
749109.467674
750382.61412
753398.245304
753597.264211
754530.86021
755193.901566
755936.124295
756236.576385
757532.616786
758635.060652
759237.927808
760067.377054
761830.044346
762663.936955
763192.896515
764280.105979
764479.490951
764884.455404
766277.939633
766903.939662
767237.875907
768678.229129
770283.346103
770608.126049
771441.764781
774180.410909
778804.891891
779918.07948
780247.62543
780561.94172
781448.316939
782105.82568
784115.640095
784132.890094
785154.954685
785283.159508
785437.310976
785650.585397
786969.377196
786971.611412
787153.455813
787359.886012
789636.506242
790564.211469
790623.765187
790852.741933
795700.965708
796082.744446
796413.064094
796638.989694
797724.459937
798516.725992
799908.842223
800779.499786
802651.020298
804003.052919
804789.860934
805497.120311
805969.620976
808938.298824
809521.644368
809532.286955
811342.261856
811965.182277
812330.397865
813389.922179
813905.282741
814099.820753
814138.907803
815097.772946
815546.846303
817242.487291
817274.389321
817420.698691
817445.688858
817711.397518
817877.150171
818157.538321
818220.183271
818525.448331
820270.085574
820955.755883
821238.254565
821554.777892
823789.349222
824739.709123
825270.462504
827125.933282
827500.563328
827887.112039
831380.556451
831686.935921
832099.773487
832276.867073
833337.002122
834489.908931
834817.24502
835285.586746
839045.601809
839189.292639
839288.490267
839308.945118
840050.454503
840206.594333
842319.478518
845138.171188
846466.588736
846818.451053
847531.497185
849097.062394
849155.912384
849188.296834
850800.949133
851205.815848
853009.762199
854787.113434
855610.458782
857774.603863
858428.822085
859384.941578
860611.582833
861358.24211
864985.176435
865205.398436
865791.872389
866348.580603
868137.185387
868942.380315
869100.014314
870494.077429
870635.917783
870776.743976
872751.378842
873053.075018
876075.087598
876558.201159
877695.022891
877943.903001
878984.985935
879315.238527
879599.122194
880657.645912
880908.268337
881059.416828
881481.796265
883790.861467
884997.229268
885419.152819
886523.018053
887054.147071
887246.194199
889389.037645
891721.882943
892874.908422
894532.718683
895320.380834
897422.001298
898133.304157
899793.289897
899837.044085
900229.668287
900558.474493
900790.58473
901471.477669
905041.79803
905259.039722
905421.144935
907453.964706
907723.174963
907875.224679
908010.817276
908333.210534
911406.205414
912646.3882
913286.067988
914015.222541
914798.23747
914887.555988
915118.176928
915381.267039
917031.891997
918740.557012
920861.867411
921571.846053
925175.368777
925714.713735
925894.935189
925945.518338
926606.146399
927763.536953
928006.394451
930043.184791
930191.319331
930763.331849
931111.936647
933738.071068
933833.837622
934196.8713
934295.940142
937416.771857
937836.496814
939057.830841
939158.825719
940082.184133
941160.676222
941498.739408
942563.234901
943233.928096
944276.364224
944856.928835
945305.794354
945466.797222
951248.346562
951737.377605
952194.919901
952282.40709
952503.515713
952749.306398
956119.944829
956149.735934
957204.304915
960487.766975
962369.695553
966323.168462
966727.748229
966992.116823
971939.753694
971948.736139
972549.478802
972745.220043
972873.792467
973172.096066
974278.013899
975280.663136
975565.458903
976271.76317
978607.652423
981520.936001
982641.916899
985366.71422
985565.096113
985928.700413
987825.685714
988356.289417
990712.56915
991376.002266
992011.966991
992184.238759
993462.897671
995550.377228
995819.551918
996043.776925
996410.472183
996729.711257